65225
68208
07085
07086
07087
07088
07089
07090
07091
07092
07093
07094
07095
07096
07097
07098
07071
07072
07073
67424
07077
07078
07079
07080
07081
07082
07083
07084
65539
68538
68660
17726
17727
17732
65540
17714
17715
17716
17717
17718
67594
17719
69054
12332
12336
12337
67519
12321
12322
12323
12324
05748
65167
05735
05736
05737
68580
09865
09866
09867
65328
09853
09856
67483
09857
09858
09859
09860
09861
09862
09863
68292
24965
24971
24972
65824
24948
67715
24950
24951
68870
11327
11328
11329
11312
11317
11318
11319
11320
11321
11322
11323
11324
11325
11326
68890
63241
66778
63233
63234
66779
66780
67066
63238
68790
08928
08922
08923
65298
65299
65300
67468
67470
65415
68592
13637
13638
13639
67535
13644
13645
68586
14900
14901
65445
14889
14891
14895
65717
21888
21889
21875
21876
67660
67659
27219
27220
27210
27211
27212
65890
65891
65889
67757
27218
68406
38542
38531
66183
67934
38536
57952
66606
66607
67299
57944
57945
68852
68918
62174
62165
66743
62166
66742
67036
62172
68416
68992
64223
66818
66816
64215
64216
67012
64217
64290
66820
64298
64299
64289
68720
02002
01989
01990
65043
67356
01998
01999
68230
06475
65200
67414
06484
06485
65403
65402
13205
13206
13207
68674
68688
21946
65721
67663
21956
28113
28114
28123
28124
33271
33283
33284
34828
34829
67873
34833
34837
34838
36945
36934
66147
66146
67908
68694
68770
67937
39005
38996
40120
66246
67949
40124
40128
68972
56573
56574
56576
56577
56578
56560
56564
67275
56568
56569
56571
69092
57646
67292
57636
57637
68330
62982
62971
66769
67057
62986
62973
67058
68764
63670
63671
66798
66799
67078
63678
05643
05635
65162
65163
65161
67400
05642
68274
06836
06837
06838
65216
67420
06843
06844
07403
07395
07396
65242
65241
67431
65294
08950
08951
08952
08953
08939
67465
08947
08949
68632
17088
17092
65506
65507
67578
17096
69016
20984
20985
65677
67642
20991
22129
22118
22119
65731
67667
22124
68528
25337
25338
25327
25328
65843
67722
68396
26736
26716
67745
26722
26726
65884
68350
26977
26978
67750
26981
31766
31754
65996
67817
31763
31764
68904
32161
32162
66008
66007
67827
32165
32166
32336
66015
32327
32328
66014
67829
32329
68794
34739
34741
66098
66099
66097
67872
34745
68928
51077
67188
51070
68428
68624
55367
66575
55374
56851
56845
66591
66592
67278
67279
68622
63206
63209
63213
64089
67009
67010
64096
00630
65009
67342
00636
00638
68576
03004
03007
65085
65086
65084
67367
06336
06339
65187
67411
06342
09969
65332
09961
09962
68202
11771
67514
11779
13330
13331
65408
65409
67531
67530
13335
13336
13700
13701
67536
13706
13709
68988
69048
14626
14629
65434
67550
14632
14677
14678
14679
65439
65440
14683
14684
68842
17018
65503
65504
67579
17024
17025
68520
69086
18326
18328
65601
67610
67611
18333
18334
68344
19262
19263
19265
65635
67624
19268
65761
68692
22956
22959
22966
24656
24659
24642
24643
24645
66010
69068
32251
32252
67826
32259
68974
35514
35515
66112
67886
35522
68398
42835
66296
67990
42841
42842
42976
66297
42963
42964
68288
43172
67081
43176
43177
43178
68218
68510
49601
49604
67170
49605
50042
50043
66441
67177
50051
51228
51229
66469
51230
51234
68294
58505
58506
66644
67309
58507
58500
58501
68540
62249
67038
62256
62257
62258
68924
63804
63805
63794
66804
67003
63802
01390
65029
67350
01396
01397
68612
05236
05237
65144
65145
67392
65192
68338
67413
06370
06361
06362
69028
07964
07969
65263
67446
07972
68368
08427
08428
65278
67451
08436
10162
10164
65341
65342
67489
67490
10156
68374
10896
65362
65363
67501
10903
69004
13159
67527
13166
15036
65449
65450
67555
67556
15042
65792
23772
23773
67697
23780
68954
28206
28207
28208
67776
28213
68320
30847
30848
30837
30838
67802
30841
30842
66038
68636
32951
67840
32957
66111
68810
35457
67890
35462
35463
35464
35465
35466
68544
37885
67925
37892
37893
68364
40838
40839
67958
40844
40846
68446
41031
67961
41036
45266
45270
66351
67111
45272
68726
45441
66355
67114
45442
45437
48122
48123
67143
48111
48112
67142
68856
49179
49180
67159
67161
49187
68336
53272
53276
66531
66532
67227
53278
57279
57280
57281
67287
57290
58364
66637
66638
66639
66640
67306
58369
68248
61811
66731
61818
62104
62105
66740
67034
62110
62112
68722
62504
66752
67044
62509
68766
63330
63331
66784
66785
67068
63336
68964
64267
66819
67013
64270
64265
68956
04621
04622
65123
04630
65137
68626
05092
05093
67389
05101
68594
07939
65262
67445
07942
09530
09531
65312
65313
67477
09536
09537
65343
10189
67491
10196
68376
68900
10975
65364
67502
10971
14178
14179
65427
67545
14185
14187
68666
16196
16197
65480
16202
17329
17333
65520
67583
17335
69066
25691
25694
65854
67729
25688
68424
65870
67737
26172
68984
69088
67746
26776
26778
26770
26838
65881
67747
26845
29650
29651
29652
29653
29654
65940
29660
31846
66000
67821
31851
31852
31853
31854
31855
32393
32397
66016
67831
32392
32609
32610
66024
67835
32615
68832
37147
37149
37150
37151
37128
37134
67914
37135
45841
67119
45846
45847
45849
45850
68400
69034
46275
67125
46270
46271
68664
46739
67129
46741
46735
46736
48515
66415
66416
67149
48519
48520
68762
48819
67153
48824
48804
48805
48814
66473
51349
51350
51351
51352
67195
51358
68776
51516
51505
51506
66475
67201
52864
52866
66519
66518
67221
52861
68228
56697
56703
56695
56696
68412
57084
57085
67280
57086
57081
57043
66593
67282
57049
57050
68740
62744
66759
67052
62751
63286
66781
67067
63290
63291
68572
68714
63595
66795
67076
63591
64062
64064
66815
67008
64310
66821
66822
67014
64314
68276
65032
01470
01465
04716
65125
67381
04722
04853
65131
67385
04862
05301
05302
65148
67394
05308
05309
06557
65204
65205
67415
06561
06562
68566
08491
65282
67453
08487
65290
65556
08695
67460
08697
08698
69024
11565
65375
67510
11562
65377
11630
67513
11636
11637
11717
65379
67512
11712
68756
13270
13271
13272
65405
67528
13277
68652
14455
14456
65432
67549
67548
14460
68858
14754
65443
14759
20073
65652
65653
65654
20076
21076
65682
67643
21080
22088
22089
65729
65730
65728
67666
22097
68214
68952
65782
67691
23577
23573
25075
65835
67723
25071
26528
26533
67743
26536
68514
27774
67765
27769
27771
31902
66002
67823
31908
32305
32309
66013
67828
32310
32675
66025
32663
67836
32664
33478
66075
67852
33485
34009
34010
67861
34016
68480
37589
67922
37583
37584
39629
69040
39630
39631
67944
39634
39628
68646
42228
66280
67981
42237
42238
43526
43527
43531
66306
43534
44685
66335
67107
67105
44690
68864
47180
66387
67134
47186
50853
50854
50858
66461
50861
50852
53297
53298
66533
66534
53303
68914
54559
54560
54566
55774
55775
55781
57532
57533
67290
57537
57539
57540
68488
58595
58597
67310
58599
59213
59218
68478
59501
66672
67323
59505
63423
63426
66791
67069
63420
63421
64384
67015
64390
00419
65002
65003
67339
67341
00425
03123
03129
03130
03440
65096
67371
03444
04800
65129
67384
04805
04901
04902
65135
65134
67387
04905
68990
05474
05475
65156
67397
05603
65158
65159
67399
05608
69002
07461
65245
67433
07457
08371
65275
67450
08378
09184
65307
65306
67475
09183
09724
65324
67481
09731
69056
10108
65338
67487
10114
68800
10465
10470
65352
67495
10471
10472
10473
68554
65357
10713
10714
10706
10707
11201
11202
11206
67504
11209
11210
11212
68654
11255
11256
11257
11259
11264
11265
13139
13141
65400
65401
13147
13547
13548
65414
67534
13553
13811
13801
13802
14797
14801
65444
67553
14802
16588
16590
65491
16597
65535
68746
67593
17664
17658
68476
17763
17764
17765
65542
17771
65544
17825
17826
67595
17831
65692
21250
21239
67646
21441
65696
67653
21435
21437
22809
65755
67673
22815
69060
65798
65797
67700
23955
23949
68242
68798
24032
65800
67702
24028
68840
24613
65817
67709
24610
25249
65840
67721
26947
26948
26954
26955
68610
27272
65892
67758
27267
27927
65905
67769
27933
28167
28168
67777
28163
68772
28472
65913
67781
28467
28468
65950
30158
67794
30165
69006
31153
31154
65981
31163
66069
33210
33211
33212
68574
33544
66078
66079
67853
67851
33540
33541
68226
34582
67871
34585
35296
35297
67880
67881
35301
35302
36832
67906
36839
68268
36921
66145
36917
69044
37372
66156
67917
37368
38128
38129
67929
38132
68452
68920
38593
66186
38589
38591
68826
39461
66224
67943
39467
66248
40174
40175
66249
67950
67951
66261
40994
67959
40995
40989
40990
41318
41320
66265
66266
41324
68380
67965
41451
41830
41831
67971
41832
41825
66298
43066
43059
43060
68670
43225
67083
43221
43223
68706
68738
66320
44090
44084
44372
66326
67097
44377
68996
66398
67139
47665
47660
68898
48047
48049
66405
48053
48045
48905
67154
48912
66422
67157
49139
49133
49249
66423
66424
67162
49254
66478
68284
68466
51630
68548
51780
66482
66483
67204
51776
52558
52559
67214
52565
68978
53215
67226
53211
53214
67230
53492
53487
67256
55347
55342
57067
67281
57062
57786
57787
66603
66604
57793
58789
58790
66654
67314
58794
68496
59311
66665
67319
59318
60351
67334
60356
62278
66746
67039
62283
62277
68998
63090
66774
67061
63085
64432
64440
64431
65061
02237
02232
02591
65073
67363
02588
65092
03276
03281
04513
65119
67377
04510
65120
04596
04597
67379
04603
04595
04774
65127
65128
67383
67382
04771
05284
65147
67393
05279
05805
05806
65169
67404
05813
05814
05815
68828
07814
65260
07809
65314
09462
09463
09464
09472
65325
67480
09784
09785
09923
65330
09925
10274
65345
67492
10270
65411
67532
13477
13471
13472
65421
65422
67539
13856
13857
15324
15331
15368
65457
67559
15373
16442
67574
16449
68426
16971
65500
67577
16975
65531
68782
67588
17605
17597
18297
65597
67607
18293
68966
18313
65600
67609
18309
18489
18491
65607
67612
18497
19413
65638
65639
19417
21220
21210
67647
21277
67649
21285
22556
22557
65746
67672
22552
23586
23587
65783
67692
23584
68334
65822
67710
24731
26256
26258
65873
65874
26261
68352
67744
26577
26571
26572
27047
27048
67752
27055
28141
28142
28146
28149
28313
67778
28318
68616
28433
28427
28435
28428
29142
65929
29146
29140
29141
30237
30238
67793
65983
69000
31323
67810
31317
31318
31321
31654
65992
67815
31659
66017
32457
32451
66106
35117
35118
67875
35125
35368
66109
67882
35365
68562
67893
36055
36049
68628
36653
66138
67901
36659
68608
36740
66141
67904
36737
36785
36788
66142
67903
36789
36790
66151
68328
37091
67913
37791
37792
37795
69008
37992
67926
37988
69036
38289
38292
38286
68584
38323
66171
38319
68934
38631
38625
38690
67933
38686
68774
38867
38862
39095
39096
67940
39097
39098
39092
39451
39445
39446
68342
39590
66270
41510
67968
67966
41514
41515
68736
41597
66271
41602
41607
42250
66281
42255
43937
66318
67093
43934
48977
48980
67155
48982
49333
66428
67164
49337
49331
49332
49376
49377
49382
49375
49661
66433
67173
49662
49657
50057
66440
67176
50065
51134
67191
51138
51139
51132
66468
68508
68600
67190
67192
51179
51182
51183
51711
66481
67202
51707
68680
51888
66488
67206
51894
68912
67212
52319
52321
52323
53374
66536
67228
53368
68564
55047
66563
55046
66585
56316
56310
56311
68868
56828
56829
67277
57305
57312
57446
57440
68796
57664
66598
57665
57666
57658
57981
66609
67300
57976
68560
58299
58302
66636
67305
58297
58686
58680
59250
66664
67317
59259
66704
67018
60555
60550
61060
61061
67022
61919
66736
67031
61923
61985
67033
61989
61998
61999
67032
62002
66758
67051
62716
62711
62914
66765
67055
62911
62929
66767
66766
67056
62926
68372
63071
66773
67064
63076
68382
63112
66775
67062
63107
63110
66789
63477
67072
63472
63758
63759
63761
66803
63762
63757
68422
01441
65031
01437
01494
65034
67352
01488
02111
65057
67357
02107
65087
67368
04191
65111
04196
04351
65114
65115
04346
04874
65132
65133
67386
04871
05202
65142
67391
05197
65155
05488
67396
05496
05497
05859
05860
05861
65171
65170
67405
05857
06074
65179
06068
06657
65209
67416
06653
65229
07199
67427
07201
07202
07194
07379
07380
65240
67430
07381
07374
65244
67434
07419
07476
07477
07478
65247
67436
07474
07603
67439
07599
69064
65284
67458
08591
69078
09240
67473
10399
65349
10407
10410
10411
10452
65351
10448
10628
10630
10640
68658
10776
65358
67499
10773
13181
67526
13178
14296
67546
14297
14290
14471
14472
14473
14474
14484
65451
15102
15097
15098
15165
65453
67557
15161
15179
67558
15174
15175
15178
15536
65460
67561
15532
65485
67572
16408
16896
16898
65495
67576
65526
17432
17435
17938
65549
17934
18160
65591
65590
67603
18157
18203
65594
67604
18198
18227
65595
67605
18222
18223
18224
18776
18777
18778
65620
67617
18774
68512
65634
67625
19234
19235
19238
65644
19566
19562
67634
20368
20444
20439
65689
21186
65690
65691
67645
21177
21709
21699
65711
67655
68896
67658
21856
22140
65732
67668
22136
68792
22498
67671
22501
65748
22642
22629
22633
22634
67674
22722
65752
65751
22719
65785
67694
23641
23644
65808
67707
24441
26502
67742
26498
68236
67755
27182
27183
27175
27598
27601
27594
68404
28040
67773
28043
28653
65918
67783
28657
65926
67786
29070
29073
30473
65960
30478
30938
67803
30944
30945
30982
67804
30987
31739
65994
67816
31734
31777
31779
65997
67818
31782
31783
32213
32208
66012
32286
32816
32819
66030
66031
66032
66033
67838
32971
66065
67842
32967
68326
34964
66104
34960
68696
35533
67887
35529
66128
36250
66127
67896
36246
36268
66129
67897
36265
66131
36339
36340
36348
36684
36686
66140
67902
36682
69022
36865
67907
36861
69096
37000
67909
36997
37857
66162
67924
37863
38091
66166
67927
38088
68532
67931
38180
38185
68716
38344
67932
38339
67946
39856
39852
68346
41930
67974
41926
41944
67975
41948
68704
42431
42433
42426
42427
42659
67982
42655
43348
66303
43343
66304
43460
43448
43449
67086
67089
43688
43683
66316
67092
43838
43831
45764
45766
66365
67118
45761
46000
66369
67121
45997
45999
46294
66374
47495
47499
66393
67136
49485
66432
67167
49481
49639
67171
49636
49696
66434
50413
50419
50412
69058
50844
50840
68570
67207
51926
51920
52514
66508
67213
52511
52718
52719
66515
67217
52715
52925
66522
67223
52922
68432
67224
53027
53029
53705
53708
54446
67241
54441
54442
54827
66557
66558
54824
55307
66573
55303
55320
66574
67255
55317
66581
55863
67262
55858
56087
56088
56092
57831
67293
57830
66643
67308
58449
66652
67311
58659
58660
58738
58739
67313
58741
58735
58813
66655
58809
59154
66661
59152
59372
66667
59553
59554
66673
67322
59549
59550
59773
66677
66678
59766
59767
68498
67335
60461
60464
68640
61149
66715
67023
61145
67049
62649
66761
66760
62735
65007
00598
00602
01211
01212
65024
01216
01427
65030
67351
01423
01562
01555
02051
65052
65053
65054
02047
65064
67360
02352
02355
02547
65071
67362
02543
65076
02714
02717
65079
02827
02832
65091
68812
03245
03239
03485
65097
67372
03483
68266
68408
03637
68250
65110
04172
04175
04433
65118
04428
04445
67376
04442
04686
65124
67378
04683
65139
05111
05117
05659
05660
65164
67401
05655
65166
67402
05711
05930
65173
67407
05927
65182
65183
06195
06196
06438
06433
68494
65233
07273
07276
08620
65285
65286
67457
08615
65289
08679
08675
08848
65295
67466
08845
65308
09312
67474
09579
65319
67479
09575
09899
65329
67485
09895
10143
65340
10139
10140
10586
65354
67497
10582
68410
65365
11038
11039
11041
67506
67505
11363
12121
65386
12117
12230
65388
65389
67518
12227
12878
65399
67524
12875
12976
67525
12972
12974
65407
13314
13315
13319
13357
65410
13353
14383
14384
14377
68614
14844
14838
15429
65458
67560
15427
15609
65465
15604
15605
65467
67565
15731
15726
15778
15779
15780
15940
65472
65473
15937
16133
16128
16129
16130
17152
65510
67580
65554
18067
18060
18277
18278
65599
18283
65609
67614
18531
68910
18792
18793
65621
18876
65625
18877
67618
18878
19118
19112
19113
19334
19329
19694
67631
19690
19769
65647
19763
20144
20148
20385
65659
67635
20382
20703
65668
65669
20709
65672
20796
20800
68582
21410
21416
67652
21561
21562
21555
22279
65739
67669
22275
22747
22749
65756
67675
22995
22999
23047
23054
23450
65779
23446
23447
23449
23546
65781
67690
23551
23672
65786
67695
23669
24588
65816
67708
24585
24587
24921
65832
67716
24918
25379
65845
25376
65846
67724
25410
25412
25628
25635
25650
65853
67728
25646
65864
67731
67732
25921
25925
25983
65867
67734
25980
25981
26316
26321
65875
67741
26323
27158
65888
67754
27156
65893
27409
67759
27410
27415
27574
65894
67761
28383
28384
67779
28380
28443
28444
28450
28453
30391
65958
67796
30387
30457
30458
65959
32517
66019
67833
32513
68206
67843
33054
33057
66067
67844
33126
33647
67855
33644
33645
34125
34133
34136
66090
34210
67866
34215
34394
67867
34389
66108
67883
35342
35343
35345
35949
66121
67892
67920
37472
37476
37960
68824
39035
39039
66228
39745
39746
39749
68362
40471
67970
41665
41668
67984
42705
42707
42708
43579
66308
43574
43911
43905
44048
44049
66319
67094
44056
66325
44339
44340
44348
44477
66330
67102
44472
44475
44476
44610
66334
67106
44605
45486
66356
67115
45482
45484
45860
66367
66368
45856
45858
45859
67126
46370
46371
46435
66375
67127
46432
47111
66386
67132
47108
66396
47614
47609
47610
48744
66419
48750
66421
67158
49080
49083
49546
67169
49541
68830
50270
50273
50511
66448
67180
50507
51336
51338
67197
51339
51332
66484
51823
51816
52583
67215
52588
52622
66511
66512
67216
52618
52619
53069
53072
53422
66537
53418
53419
66538
67229
53430
53433
53551
53555
53549
54079
54086
54078
54212
66551
67236
54208
54210
54885
66560
67248
54881
55002
66561
66562
54996
54997
66564
67250
55073
55076
66569
67253
55153
55156
55183
66570
67252
55180
55205
66571
67254
55201
55285
66572
55280
55667
55662
66579
67263
55734
55737
56166
67269
56162
56304
56299
57140
67284
57135
57674
57675
66599
67294
57680
57673
57767
57760
57761
66605
57812
57805
66615
67303
58028
58030
58395
58396
58390
58391
58943
66658
58938
58939
59912
59907
59958
66683
67328
59965
60767
66707
67021
60764
60859
66708
60855
62447
62448
62455
67047
62589
62592
68468
66757
67050
62693
63363
63372
66790
63406
63409
66807
67004
63840
63834
63878
66810
67006
63882
63877
68876
63961
68606
67016
64415
64418
65018
00972
00966
01733
65038
67354
01728
02167
02164
65059
02176
02180
02482
65066
02479
02524
65067
67361
02520
02570
65072
67364
02959
65083
67366
02955
65094
67369
03340
03343
65095
67370
03363
03367
03422
03423
03429
65100
03570
67373
03566
03599
03602
65101
67374
65108
04043
04047
04066
04067
04075
04065
04825
65130
04830
65138
05068
65141
65140
67390
05174
65168
05760
05761
05766
65175
67406
05963
05966
06418
65199
06412
06413
65202
06530
06531
06535
65221
67421
06934
65222
67423
06950
06953
65230
67426
07229
07233
65231
67428
07246
07241
07268
65234
07263
65235
67429
07289
07291
07302
65249
65248
67437
07494
07497
65268
08122
08126
68960
08353
08361
65279
67452
08451
08454
08754
08750
08751
08867
08864
65297
67469
08901
08904
09154
09156
09160
65305
09161
09162
09164
10597
10593
11827
67515
11822
11826
65381
11907
65394
12589
12592
65416
13658
65462
67563
15563
15816
65470
15812
65471
15830
16066
65476
67567
16072
17130
17134
17588
65532
67590
17584
17635
65534
65533
67591
17629
65548
67598
17913
65551
67600
17950
17952
17953
18031
18035
65588
65589
67601
18141
18143
18183
18177
65640
67628
19460
19461
19463
65648
19844
19848
20161
65655
20159
65657
68212
67636
20228
20232
65660
20400
20394
20409
20413
20743
20744
20748
21333
21326
21401
65695
21404
21400
65750
22697
22698
22699
22701
22919
65759
22916
23337
65777
67684
23333
65784
67693
23631
23633
23876
23877
23871
23872
65801
67703
24058
24062
24873
65829
24879
25018
65833
67718
25016
68662
25030
65834
67719
25187
25190
65847
67725
25433
65849
67726
65859
65860
25827
65865
65866
67733
25963
25964
67740
26299
26302
68392
26704
26709
26702
26855
26859
27277
27278
28002
67772
27998
28000
28782
65923
67784
28777
28778
28779
29095
65927
67788
29091
29722
29725
65932
29387
29390
65942
29869
29872
67792
30056
30059
65966
67799
30678
30681
67837
32698
32700
32893
66037
67839
32890
66072
33315
33318
67849
33394
33396
33397
33459
34871
34865
34866
35162
66107
67876
68524
67877
35221
35225
35384
66110
67885
67884
35382
68672
36610
37045
37049
67911
37051
37044
37201
66154
67916
37197
37317
68286
66155
67918
37336
37429
37431
68778
37405
67919
66164
37912
37913
37916
38020
38016
38017
38070
67928
38066
38732
38736
39513
39508
39993
39994
39988
39989
66239
66240
40015
67952
40316
40320
66267
41354
41363
42752
67987
42756
42757
66324
44277
44280
66328
67100
44425
44428
67104
44494
44497
44499
66337
44832
44836
66339
67108
44899
44902
45514
45516
45518
66362
67117
45688
45691
45784
45788
67120
45911
45914
67123
46177
46181
47009
47004
47464
47465
47468
67138
47670
47674
66400
47793
48214
48215
48222
66410
67145
48254
48257
66418
48609
48613
68444
67178
50123
50126
50127
66442
50141
50142
50145
50340
50333
50334
68420
66459
67182
50722
50726
67185
50937
50940
50941
51028
51026
66466
51291
51294
51695
51689
52178
52172
68482
67211
52202
52237
52233
53446
53451
66542
66543
53645
53647
53904
53905
53909
67237
54259
54263
68734
66553
54380
54384
67245
54599
67249
54926
54930
54931
55424
67258
67257
55430
55754
55748
55749
66580
55848
55840
56201
67270
56197
57269
57264
57267
58726
58729
66653
58708
58713
66669
66670
67320
59408
59410
59607
59608
59599
67330
60047
60050
60051
66705
67019
60578
66709
60913
60914
66712
66711
60953
66729
67029
61741
61744
68378
66739
61970
61972
67041
62292
62293
62296
66747
67040
62304
62308
62360
62363
62371
67071
63451
63454
63626
63639
66802
67080
63725
63728
68862
66825
67017
64546
64550
00841
65017
67347
00903
01578
01581
65040
67355
01803
01806
65050
01964
65051
01959
65056
02094
02098
65074
67365
02621
02624
02876
02879
65107
67375
04014
04016
04122
04117
04158
65113
04293
04295
04396
65117
04391
05561
65160
05618
05621
05919
05914
06024
06028
06048
06051
65181
67408
06162
06164
65186
67410
06316
06318
07444
07639
65252
67440
07635
65259
67444
07752
07756
65264
08002
08007
65265
67447
65269
68590
67449
08133
08419
65277
08415
08790
65292
67463
08785
68884
08822
65303
67471
09089
09094
09202
09212
09327
65309
09322
65321
09635
09639
65326
67482
09809
09811
65327
09839
09841
09941
65331
67484
09938
10022
65334
67488
65337
10092
10095
11010
11014
65366
67503
11063
11066
11153
11146
11951
11946
11947
12065
12068
12194
12197
12299
12295
13021
13027
13248
13423
13418
13459
13462
13463
67537
13747
13750
65429
14315
14318
65431
14369
68204
14571
15555
65461
67562
15550
15710
15712
65477
67568
16084
16086
16101
16103
16432
16435
65494
16807
16810
65499
16935
16928
17161
17163
67581
17164
17165
65523
17380
17383
17399
65524
67586
17393
65553
67602
17989
17994
67606
18244
18247
67608
65596
18261
18257
18572
18574
18577
65626
67619
18902
67621
18982
65628
19091
19093
65630
19168
19171
65637
67626
19308
19311
19712
67630
19708
19972
19973
65650
20011
20013
20025
20026
20029
20338
20341
65680
21028
68536
65694
67650
21306
67657
21834
65775
67682
23278
68822
67688
23483
23708
65789
67696
23706
65796
23807
23810
65803
24175
24169
24170
24386
65806
67706
24383
24830
24831
67711
24832
65830
67714
24891
24894
25053
25054
25047
25048
65862
67730
25849
25851
65868
26005
26008
26223
26217
26804
26805
27317
27318
27455
27447
67766
27800
27795
27882
67768
27877
28587
28589
28742
28748
29331
29332
29410
29405
29406
29635
68962
30267
30270
30321
65956
30326
65961
67797
30512
30513
30515
67800
30718
31053
31056
65987
31495
31488
67812
31558
31560
32123
32119
67832
32477
32480
66020
32540
32545
68556
66035
32866
33344
67848
33340
33703
66080
67854
33699
34094
66087
67863
66088
34113
34116
34275
34270
66091
67865
34356
34358
34379
34381
34372
66114
35608
35610
36233
66136
67900
36634
37025
67910
37023
66149
67912
37064
37067
37353
37348
66159
67923
37615
66161
37840
37844
38241
38235
39351
39354
39961
39954
66255
40641
67953
40653
40656
40768
40762
40763
67956
40804
40809
67963
41067
41069
67964
41171
42003
65575
67979
66279
42081
42082
42091
42404
42405
66287
42409
42473
42474
42477
42990
42993
66307
43556
66312
43728
43732
44135
44129
44204
44205
44207
44328
66332
67103
44569
44571
44562
44565
44627
44632
44736
44740
66338
44864
66343
45063
45066
45102
45103
45106
66346
45112
45116
45176
45179
66354
67113
45366
45368
66359
67116
45573
45717
45722
66363
66364
45744
45748
45970
45972
45974
66370
67122
46056
46057
46059
46959
46964
66390
47241
47243
66403
66402
67140
47860
47863
47907
48027
48031
48498
48492
67150
48541
48544
67152
48713
48718
66429
49431
49435
67172
49647
49650
49735
49731
67174
49808
66439
50010
50011
50012
50021
66444
50320
50323
50442
50438
50552
51400
67199
51407
66474
67198
51479
51481
66477
51547
51551
66489
51936
52292
52295
66523
67222
52942
66527
53021
67225
53018
66528
53156
53159
53244
53246
66546
67233
53828
53830
53880
54179
54174
66552
54305
67238
54299
54430
54432
69042
67242
54460
54964
54958
55121
55124
55293
55674
55677
67261
55813
55807
55980
55983
55998
56002
56037
67265
56033
66583
67267
56110
66584
67271
56250
56253
69010
56345
56347
56466
56974
56976
56977
57098
57094
67286
57240
57242
67289
57414
57416
57733
57727
68550
66602
57773
57776
57846
67295
57841
66608
57924
57927
66614
58015
58007
66629
58134
58135
58138
66630
67304
58184
58187
66642
58432
58437
66659
58950
58952
59054
59057
67318
59109
66680
66681
67327
59850
59853
67331
60222
60223
60226
67332
60306
60307
60311
66699
67333
60382
60384
66720
67025
61366
61367
61369
61885
66735
61888
66750
67043
62425
62426
66755
62777
62779
66756
67048
62616
62617
68604
62755
62760
62836
66763
66764
62832
63503
63500
63501
66796
63611
66797
67077
63655
63658
66808
67005
63852
63855
66814
67007
64045
64450
64449
65004
00432
00434
65010
67343
00665
00667
68958
65022
01161
01251
65025
01247
01248
01249
65058
67359
02146
02147
02150
02612
02613
02615
02705
02700
03104
03107
03452
03518
03521
65122
04589
04583
65165
05687
67403
05795
05876
05880
06378
65189
65190
67412
65206
06627
06630
65212
67418
06735
06737
65226
07169
07170
07171
07172
67425
07164
65251
67438
07577
07579
65256
67442
07679
07681
07788
07789
07783
08169
08173
65280
67454
08444
08446
65304
09129
09491
09492
09494
65316
67478
09520
09522
65323
09738
09739
09741
10312
10314
10345
65347
67493
10525
67496
10519
65355
10655
10650
65356
10690
65359
67500
10788
10791
11090
11095
65372
67507
11381
11383
11440
11443
11472
11475
65373
11502
65374
67509
11530
11533
12015
12019
12075
12078
13045
13048
65413
13533
13535
14257
65428
14266
65433
14579
14583
15216
15218
15300
65454
15295
15478
15480
65464
67564
15586
15581
16167
65479
67571
16162
16239
16236
16237
16326
16329
65483
67570
16353
16356
16357
65484
16385
16389
65489
65488
16529
16565
16568
65518
68356
17303
65547
67597
17898
17899
18117
18111
18418
18421
65618
67615
18722
18725
19056
65627
19053
19228
19225
19618
19621
65656
67633
20199
20200
20203
20630
67638
20624
20626
65671
20769
20772
68234
20927
65678
21012
21014
65685
65699
21490
68946
22249
22242
22414
65744
22458
22488
22484
23011
23012
65762
23008
65768
67683
23201
23205
65793
23855
23843
23846
23906
67699
23910
65799
67701
23989
23992
24252
24257
65815
24517
65820
24684
24686
65821
24745
65838
67720
25170
25172
65852
25575
25943
25944
25947
26084
26085
26088
67749
26918
65885
67751
26961
26964
27086
65887
67753
27081
27098
27101
67756
27189
27191
68860
27378
27381
67763
27437
27438
27440
65895
67762
27636
27639
27664
27670
27673
67767
27825
27828
65909
28262
28265
28266
28396
65912
67780
28391
28885
28879
28880
65939
29617
29618
29620
68308
30177
65954
67795
30259
30564
30749
65969
67801
30754
65979
67806
31098
31259
67808
31262
65989
31571
67813
31567
66006
31980
31983
66021
32556
32558
66028
32726
32732
66034
32826
32829
32879
32883
66073
33378
66081
67856
33769
33807
33811
66092
67868
34399
34401
34513
34515
34546
34549
34709
34704
35213
35215
67879
35547
35550
35886
66119
35892
66122
35970
66123
67895
36120
36123
67898
36418
36421
36716
36719
37277
67921
37486
37487
66192
67938
38843
39363
39380
39381
39384
39429
39431
39842
39844
39876
39880
40053
40401
66253
40580
41484
41486
67977
41978
41981
42556
67980
42568
42570
66291
42596
42587
67983
42674
42676
43119
43120
66299
43383
67091
43699
43702
66313
43811
43813
68388
44236
44444
44447
66341
44952
44955
66352
45326
45329
45452
45454
45869
45872
46335
46332
46591
46595
66381
46866
46869
66384
67130
47041
47303
47304
47306
66392
47334
47336
47366
47360
47361
47386
47452
47456
66397
67137
66399
47735
47845
47849
47842
48164
67144
48172
66411
67146
48375
48377
66412
48407
67151
48559
48562
48892
48896
49151
49155
66427
49323
49935
50247
50248
66447
50400
50401
66449
50533
50536
66453
50619
50622
67184
50829
50831
50950
50953
50959
50962
51200
51204
67200
51661
51737
51732
51733
67205
51805
51808
66490
51956
51959
52084
52085
52088
52106
52109
66502
52145
52146
52150
52347
52351
66507
52440
52431
52432
66510
52605
52607
52608
67219
52766
52769
67220
52801
53669
67239
54352
54611
54615
66567
66568
67251
66577
55542
67259
55538
55556
55559
55639
55643
56050
56053
67272
56283
67273
56389
56392
56393
56428
56781
56786
56877
56880
67285
57207
57209
57210
57491
57488
57614
57615
57616
57882
57877
58277
58280
58576
58577
58578
58581
66650
58622
58625
58912
58914
66657
67315
58898
58900
59035
59036
59038
59081
59075
59236
66663
59230
67325
59726
59728
59743
66676
59740
67326
59794
59796
59832
59835
60530
60525
67026
61445
61448
66744
62198
62202
62520
62523
67046
62573
62576
66762
62820
62823
66776
63123
63125
66783
63313
63315
66788
63379
67074
63557
63562
66801
63692
66806
63823
63826
66811
63888
63890
64006
64010
64011
64012
64002
66039
01614
00337
00340
00378
00383
65011
67344
00691
00693
65015
67345
00870
68450
65016
00893
01016
67348
01021
01322
01325
01375
65033
01475
01478
01514
01509
01601
01604
01651
01644
01645
01833
01838
01877
01879
69090
01925
65063
02275
67358
02562
65081
02866
02869
65082
02914
02916
02972
02974
03071
03072
03157
03203
03206
03380
03387
65098
03492
03495
03760
04001
04103
04105
04229
04231
04328
04329
65116
04357
04360
66040
06123
04536
05370
05371
05373
05850
06139
06145
68752
69076
06217
06616
06619
65224
67422
07035
07037
65246
67435
07501
07503
07768
07771
07884
07876
65267
67448
08109
08113
08181
08186
65281
08471
08473
67455
08534
08537
67456
08548
08630
08638
08640
08646
08648
65293
67464
08829
65302
67472
08984
09224
09217
09219
65320
09630
65322
09714
10009
10012
10603
10606
65360
10815
10816
11879
65558
12108
12102
12219
12213
65392
67521
12405
12407
65393
12420
12607
12610
65395
65396
12615
12655
65397
12677
12679
12703
12697
12699
12813
12988
12993
13622
13624
13736
14055
67544
14050
14130
14133
14160
14161
14164
65442
14740
14732
15021
15114
15115
15143
15144
15190
15192
15197
15634
15637
65466
15651
15846
15847
15848
15901
15902
15906
16006
16008
16271
16273
16399
16645
16705
16706
16708
65501
16985
16988
65505
17358
65522
67584
17363
17459
17461
18373
18376
65606
18477
18478
18481
65614
18551
18556
65633
19187
19189
67622
19196
67623
19206
67627
19396
65641
19508
19510
19659
67632
19744
19817
69070
20321
20317
65665
20635
65667
67639
20664
65674
20871
21088
21091
67651
21359
21372
21375
21823
21825
22513
22515
22516
65747
22613
65757
67676
22845
22847
65760
67679
22931
65774
23241
23415
65778
23411
65780
23472
24018
24021
65802
67705
24133
24134
24138
65805
24270
24371
24374
24597
24995
24997
67717
68668
65850
67727
65863
25873
67736
26014
26017
69062
67738
26140
26141
26592
27536
27537
27541
27554
27555
27558
65898
65899
27849
28419
65919
28678
28682
29280
29283
65938
29797
29845
29848
65945
29964
29966
65947
29981
30218
30222
30288
65962
30524
30525
30527
30877
30922
31179
31185
31349
65986
67811
31446
31447
31459
31462
65990
31595
31599
67819
31835
31837
66001
31880
31885
66009
67825
66068
33169
33171
33244
33405
33406
67850
33425
33427
33654
33657
66100
34689
34691
35197
35192
35577
35769
35764
35806
67888
35930
66133
36461
36455
36746
36749
37005
37007
37689
66165
38046
38302
38303
38304
66177
66178
38397
38402
66189
38645
38647
38976
66220
67941
39119
66222
39371
39374
66227
39681
39685
40233
40236
40568
40562
66256
67955
40662
66054
42515
67962
41057
41059
41081
41083
66263
41096
41098
68872
41583
67969
41655
41658
66272
41695
41697
42043
67978
42216
42219
66283
42317
42311
66284
66285
42380
42382
42543
42666
42669
67992
42946
43087
43089
43082
43260
43372
66309
43597
43803
43806
43995
43992
44010
44003
44004
44099
44102
44150
44152
67096
44142
44145
68490
44222
44226
44399
66331
44540
44543
44589
44593
44781
44792
44795
66340
67109
44908
44912
45053
45056
45093
45823
45825
46494
46496
66376
66377
46505
46761
46757
46794
46796
46778
47031
47033
67131
47061
47064
66389
67133
47223
47275
47278
47443
66394
47556
47647
47651
66407
48075
48076
48275
48276
48278
48342
48343
48687
48690
49005
48998
49344
49348
49361
49364
65577
49670
49671
49674
50371
50455
66458
50706
50708
50816
50818
50903
67186
50898
51163
51157
66472
67194
51277
51280
51725
67203
51753
51756
66487
66486
51873
51875
52048
52050
67208
52074
52075
52220
66505
52376
52664
52690
66520
66521
52873
52876
66526
52995
53219
53263
53266
53346
53348
53461
53462
66541
68750
53625
53739
53743
53774
53777
54011
67234
54006
54120
54123
54367
54369
54532
54535
54765
54789
66555
54782
55190
55194
67266
56074
56075
56077
56275
56279
56368
56369
56374
67274
56483
56487
56765
68816
56774
57171
57174
57328
57370
57599
69026
67298
57711
57753
57755
57747
57749
57900
57894
66628
58080
58074
58255
58257
66649
58615
66656
58825
58828
58837
58839
67316
58978
59134
59138
59351
59355
59385
59388
60060
60061
68438
60157
60729
61241
66732
61828
67035
62091
62093
62147
62149
66745
62193
62194
67037
62232
62235
66748
62343
62344
62345
62346
62347
62348
62794
62795
62938
62941
66772
67060
62954
63601
63602
66800
67079
63698
66805
63782
63784
66812
63919
63972
65006
00587
65014
67346
00850
00950
01067
01069
01075
01078
65020
01102
01106
65021
01121
01228
01267
01269
65037
67353
01625
02011
02013
02432
02433
02488
02491
02652
02646
02853
65088
03094
65093
03317
03320
03767
03801
03804
04052
04054
04131
04133
04138
04140
04204
04205
04220
04222
04303
04367
04371
04377
04379
68886
67388
04973
04975
05024
65143
05218
05220
65149
67395
05364
65176
05991
06000
65180
65185
67409
06301
06790
06793
06924
06927
06971
07115
07120
07116
07117
07129
07432
07434
07516
07511
07513
07529
07531
67441
65253
07627
07629
07701
07705
07717
07720
07863
07865
08091
08094
08304
08342
08511
08516
08776
08778
08779
08892
65301
08971
09079
09084
09263
09504
09506
65344
10254
10299
67494
10390
10392
10610
10613
10681
10683
11106
11107
11292
11288
11412
11421
11423
11688
11692
11932
11934
65382
11974
11996
11999
65383
12007
12026
12160
12163
12393
12395
12396
67523
12640
12757
12760
12822
12825
65398
12857
12858
12861
12944
12946
13089
13090
13110
13113
13225
13226
13227
65412
13502
67533
65420
13821
67541
13879
13883
65425
67543
14012
14014
14104
14106
14205
67547
14392
14395
14435
14436
66042
15999
14605
14607
65436
67551
14637
14649
65438
65437
14655
14775
14776
67554
14956
14965
14967
14980
14983
15404
15407
15452
15696
15698
65468
15752
15877
15879
65474
67566
15962
65478
67569
16112
16116
16214
16219
16318
16505
16543
16545
65492
16637
16874
16879
16956
16957
17208
17213
17520
17513
17531
17535
17561
17563
17888
17879
65552
17978
18039
18041
18093
18094
66043
18536
65617
18643
18731
18733
18758
18760
18860
18948
19216
19302
67629
19516
19854
19932
65649
19913
20114
20258
20259
20261
65662
20458
20460
65664
20515
66044
21571
20842
20972
68588
21526
21528
21840
21842
68648
21926
22018
67664
22012
65726
21998
65734
22193
22361
22363
65754
22775
22776
22977
65764
23034
23426
23649
66045
24526
24045
24047
65804
67704
24201
24346
24348
65814
24501
24551
24554
65841
25278
25281
25352
25355
25529
68502
25719
26065
26066
66046
27358
65877
26466
26467
26468
68948
26486
65883
26934
26936
27021
27489
27491
27747
27941
27944
28059
28088
28089
28290
28295
66047
28793
28823
28826
28816
65925
67787
29009
65933
29464
29467
29899
29902
65943
29922
29925
30300
65963
30589
65964
67798
30600
30601
66048
31103
65978
31219
31222
31234
31238
31302
66049
31586
65991
67814
31620
31690
31692
32048
32051
32096
67824
32104
66011
32279
32423
32524
66022
32565
32567
32573
32756
32758
32914
32917
33004
33046
33065
33068
68596
33610
33615
67859
33855
33856
68976
67860
33883
33982
33985
66051
35900
35309
35559
35569
35571
35681
66115
66116
35678
67891
35934
35936
35994
35991
36039
36042
36141
36145
36401
36403
67899
36491
36803
36806
36807
36908
36904
66148
36974
37307
37309
66052
38268
37649
37651
37830
37832
37935
38213
67930
66173
38375
38377
38703
38948
68530
67936
66193
38874
39068
39069
39078
39081
66053
39556
39200
39202
66221
39288
39290
39336
39339
39391
39648
39651
40246
40241
66245
67948
40100
40344
40346
40530
66258
40725
40727
40832
41264
41266
66273
41707
41710
41776
41779
41813
41815
66277
41901
67973
41903
41904
41906
42508
42611
42763
42766
66300
43148
43509
43512
67087
43542
66311
43673
43883
43876
43947
44021
44022
66321
44171
44181
44187
44189
44300
44302
67101
44489
44525
44528
44533
44536
44718
44720
44813
44816
44846
44848
44959
44960
44961
44963
44972
44974
67112
45165
45167
45197
45222
45412
45415
45421
45422
45424
45470
45472
45527
66055
45600
66360
45641
45654
45657
45672
45666
66056
47986
45930
45935
46167
46172
46316
46318
46576
46577
46579
46608
46610
66383
46929
46932
47079
47082
66385
47141
47344
47346
47481
47483
66395
47571
47574
47723
47726
47808
47810
48300
48302
66417
48524
48568
48571
66057
51429
49091
67163
49418
67166
49461
49462
49782
49785
49901
49904
50193
50194
50200
50474
66452
50583
50586
51302
51305
67196
51314
51316
51828
51830
51797
51799
66494
51985
68470
67209
52127
66504
52182
52183
67218
52653
52654
52655
53040
53042
53122
53125
53181
53183
53232
53254
53402
53407
53853
53923
53925
66549
54091
54094
54141
54192
54194
54253
54665
54666
54806
54809
67247
54831
54842
54844
55325
55630
55870
55916
56116
56118
56177
56179
56358
66058
58326
56794
56797
57254
57256
57350
57353
57394
57396
57379
57551
57569
57571
57572
66595
66596
67291
66597
57607
57821
57824
66634
58246
67312
58666
58747
58749
58771
58773
59004
59006
59125
59668
59671
59841
66684
59989
59993
68518
67329
60074
66059
60361
60969
60973
66060
61564
61137
61139
61190
61192
61223
61225
66718
61248
61250
66722
61511
61591
61594
61698
66733
61849
66734
61871
61872
67030
66061
63277
62491
67053
62784
63045
63049
67065
63187
63189